3.6463420060833327 9.540466140683517 1
4.369982150585326 7.525415904581384 -1
0.8966034109393078 1.1550937565697028 -1
0.1270157893716295 2.474938818686706 1
2.7331389346116945 7.718361991064545 1
0.9172634405879715 -1.0655888179101474 -1
3.3451533426191 9.677938057240704 1
4.028359923452525 5.471988386330502 -1
2.189380302332031 6.81810873988833 1
4.176505911181485 10.781285618165876 1
4.139467457334148 7.281032253437433 -1
1.9122318581097812 2.5875880214744518 -1
3.0271240674495763 5.379697281010172 -1
4.32237323758922 10.118040458824067 1
4.9983454548691615 7.338306141419761 -1
3.155960484612728 5.551785630666904 -1
1.4167508552512376 1.9677761573320507 -1
4.226362377091585 7.7944415441010495 -1
4.166947617285754 9.237576044811451 1
0.5416687210537852 2.27279771201538 1
4.6632718354884215 6.961502016162134 -1
4.806824788154308 6.904515747113921 -1
1.5295947353456434 2.318456444854883 -1
2.7749516095764895 2.9462012435701874 -1
4.101179486186302 7.514604529080617 -1
2.2562906391780837 1.7454020386357731 -1
4.031195792370613 6.399426154062285 -1
0.5077924931926658 0.4096701434664489 -1
4.886443116294588 12.179374743064406 1
2.83913311272693 4.062394714719051 -1
1.1286368591009166 0.6007687895091847 -1
1.0915422321046875 0.4558164241328577 -1
1.039474251514663 4.51481698214449 1
2.8145190735866126 4.652673857782268 -1
0.9882121615260347 4.649451855924176 1
3.5303163993927877 9.432557420877647 1
1.7634541022864774 1.2353772236937326 -1
2.6091522538379124 7.060194330574656 1
1.9329308642344545 1.329342226202784 -1
1.2239357796299317 3.505363565793656 1
3.944154287176259 8.791992403214792 1
2.038931842300129 6.6250846296176045 1
4.978233338168366 12.221252468023415 1
4.988925520616049 11.621286581492775 1
3.1376491189426887 5.71134578439179 -1
4.818067732350494 6.987396285825456 -1
3.7117008132569618 6.086479651805025 -1
4.523597343942923 11.83174550522808 1
1.7682314535917942 5.467451046410143 1
2.664706666005785 3.966018478656882 -1
2.880792725952851 4.96035782874133 -1
4.550464243992139 8.464446742650718 -1
0.7010372859508762 -1.0050060352973968 -1
2.5496678592023243 4.506515333742185 -1
2.1371814235154023 5.395565928847251 1
3.735300378265448 6.489336841943465 -1
2.049373697337573 3.510746430661055 -1
2.551119061299238 7.108098771485235 1
2.9337161547760164 3.1211517208436264 -1
1.545149613168112 4.292261247376376 1
1.5748869220458324 3.6669154855396715 1
1.6387367990487767 1.1765888473124146 -1
0.07097778171157643 1.8829268924914697 1
2.748492321459426 3.3620304254848845 -1
0.004081113113806323 -2.2949981451161805 -1
1.955259158960911 2.445672861039498 -1
0.21425482389895 -2.295144018221074 -1
3.662451696678196 4.500220852884656 -1
0.7044877690287588 2.1925566175361917 1
3.0342142111423636 8.945594956432945 1
3.0897983860489293 3.3734511315499915 -1
4.537170576388049 6.75180550599897 -1
1.932841892470606 6.302938233161347 1
3.9099500913245064 5.960222799135485 -1
1.9325566343603062 2.8471769062976344 -1
4.881671060556048 7.719851614072678 -1
4.710186132308622 8.601916739951283 -1
0.9991130592375935 3.547355616523316 1
0.9035610525036253 0.5263467541307731 -1
2.8908820550620504 7.005429475473974 1
3.623032205808343 9.326294048650194 1
2.861129635196148 6.7464824665609004 1
2.0011591593764493 4.575449196105277 1
0.9817881185665378 -0.5011151179173563 -1
3.1729610105369597 8.438519433135399 1
3.85104506720146 8.83054049408008 1
0.31126672875279815 -0.068506247942411 -1
2.1496159384307623 5.8752504752515 1
3.9777098224320353 5.228836413791871 -1
2.2425482148303217 1.9517071996476192 -1
0.2285730547809267 3.326516131786514 1
2.0373965117451553 6.246747562789566 1
1.437811257313542 1.2834100616156614 -1
4.584926698593214 9.754402364479919 1
3.901751792184071 8.943618977681519 1
2.4488353931036686 5.448088959124794 1
4.967852958933884 12.708373875192205 1
4.3035223896391015 5.9669077415933955 -1
0.31476141363277754 3.383271600395971 1
3.5132274822970495 9.60888861818042 1
0.8419495460756699 -1.2484818923324164 -1
4.517246254590896 6.05687610756123 -1
1.096772975036127 3.4272125820108084 1
4.2546317931366335 9.086510245971319 1
4.473800395222747 6.036903388284922 -1
0.9245905740368671 4.782872073700056 1
1.4919123030180708 4.942581344576338 1
2.3575132437670283 6.157464094497347 1
2.4234769179651217 3.4388279201801946 -1
0.0032604967789801043 2.0055710864397627 1
0.3146857107231421 -2.0468699575840255 -1
3.376571198786836 5.9733050386673785 -1
3.3997324912795337 9.114555901861987 1
3.6401659147436796 10.267650332404287 1
3.9924843788607918 10.057852265069378 1
3.216752393506451 8.130304764763839 1
4.730807892801248 8.413327400668141 -1
4.092384525490643 5.374181534106385 -1
0.48290404734623815 -0.30534569200980477 -1
2.910371500328382 3.985978400218287 -1
0.9670367419910758 -0.12129085170497267 -1
3.098141363853558 3.4024425793819497 -1
0.5921471081188473 -0.2519805416237244 -1
3.168867275736422 4.889698914349254 -1
3.0755350288690098 3.7778468508388117 -1
4.2360817545127585 6.7895818795101714 -1
2.2855912801330285 6.509519061986985 1
1.939743120685828 6.426627026760483 1
3.624586396363248 5.095346157605106 -1
3.3390232391321204 5.396039315439667 -1
4.718770552264802 8.924771450743462 -1
1.8447258563842133 2.52105475241326 -1
2.922116210931442 8.802179582769138 1
0.8019492677313983 3.409501835578896 1
3.5746783761230323 8.185314177625795 1
3.0252076312148257 6.90230326896699 1
2.585727922143089 3.077193754788211 -1
0.25015869319955975 3.0709263653310357 1
4.841043077923526 8.260646636801665 -1
4.86878293060916 12.630883694707045 1
3.196527307314811 5.584891626288985 -1
4.511486049115841 9.87987569707197 1
4.136760642472037 10.773081018964637 1
1.616141328210698 2.615897731010483 -1
1.0841119994732433 3.186073463457351 1
3.3455785229872284 4.631845191202146 -1
4.404036296146866 8.138494438485239 -1
0.03828715803305571 1.3476769410114624 1
1.249332653433723 3.586633236668853 1
3.5740975038984066 8.880447857938808 1
