28.397074197151937 61.794148394303875
40.156420235453965 85.31284047090793
-46.84708187272497 -88.69416374544994
-21.583713461799714 -38.16742692359943
-15.726493003839728 -26.452986007679456
20.778569069778996 46.55713813955799
-9.150213875889065 -13.30042775177813
-43.23155303102914 -81.46310606205827
48.360184097963 101.720368195926
-47.84821942185113 -90.69643884370225
-48.81083646598913 -92.62167293197825
32.79061414593477 70.58122829186954
-23.823933162763023 -42.647866325526046
-40.35774210265155 -75.7154842053031
-15.953654141218877 -26.907308282437754
-4.281572086259885 -3.5631441725197703
0.48442436404447875 5.9688487280889575
-5.364315841237065 -5.728631682474131
30.02629599622726 65.05259199245452
4.864993204215317 14.729986408430634
-41.732177334010146 -78.46435466802029
30.09485164206309 65.18970328412618
-35.57441318349923 -66.14882636699846
-31.66071767407056 -58.32143534814112
-13.358695618783344 -21.717391237566687
-32.619391338569955 -60.23878267713991
-33.2395813377953 -61.4791626755906
17.7039794852718 40.4079589705436
12.859628042219938 30.719256084439877
-46.05272975726745 -87.1054595145349
-10.69424358200861 -16.38848716401722
25.837373406327913 56.674746812655826
-6.671373128030254 -8.342746256060508
31.806152211838523 68.61230442367705
26.033863606432945 57.06772721286589
-0.05159789479791499 4.89680421040417
49.045449909722706 103.09089981944541
42.779396077537484 90.55879215507497
4.048046283882201 13.096092567764401
38.85936900285087 82.71873800570174
-49.02651161740209 -93.05302323480419
-10.060320446042226 -15.120640892084452
9.445179165949405 23.89035833189881
32.00408419071661 69.00816838143322
-33.03702719960897 -61.07405439921794
-20.602254202860948 -36.204508405721896
-30.839707011405725 -56.67941402281145
48.10326100957977 101.20652201915954
23.403802028423 51.807604056846
6.66605426721253 18.33210853442506
