-15.488549137771315 -24.538080233787078
-11.365349276679382 -15.162614996999817
-3.742690250159086 -2.4161344060676266
-49.193452710719676 -89.89154707547374
-48.42796265509568 -91.48730156368224
-6.6783051555626045 -4.361198752261065
33.99923648880005 73.75421088847114
-49.54369350454479 -92.45724019490767
-39.88556934461222 -70.85258766739143
3.5455838936803943 16.042393847767265
-23.88846442848208 -41.522864020932246
-14.882800275790565 -24.749166010821966
22.005192853130367 51.57451167153842
-47.59124304955176 -86.26021250768409
22.273425855897926 51.85944316623609
2.58222849719224 12.217774786350445
-3.3351143960649168 -0.18908840197101595
-8.36842204190171 -8.11533280699545
12.857992706105605 35.204490610268536
-29.344143339306516 -51.04423644845698
-44.588047931770305 -83.00861451298938
-13.620961917114073 -19.87291839597142
-13.267769265602716 -18.65747575380476
20.92440423405023 50.159136393789865
33.7409842509897 74.28392660753757
-47.72321958691818 -90.00199363468106
-20.859646100167307 -34.66042215143764
29.292693562229573 67.28345823626347
-19.176926531451144 -29.3033367423139
-28.449325103606725 -51.52107408890233
0.1899575702412193 8.432094754064229
7.016449962667025 23.07820881194836
-41.09504658234909 -74.5771824731134
-43.69188719515973 -82.15013393870137
-45.86176233566703 -82.66542700578383
10.35856613516345 26.533466604121468
10.706299064430603 26.496622051446323
-20.674316252917123 -35.94322488895732
-33.893641379808486 -59.93308030161237
24.2521814477022 56.721393939199466
12.985164283574527 31.198019583185406
26.009804872276305 59.00531494443265
-33.45101263139692 -59.38111582376487
-25.360881894417687 -42.7922689964207
-14.056250031611349 -18.160562884199113
-9.800748082517494 -12.610476916859536
-29.35151733375824 -52.885956718209265
-32.400080553222324 -56.31403154965748
-4.086213399673234 1.214060190298536
-21.190138139754545 -34.371670106026585
